00099
010024
010025
010026
010027
010028
010029
010042
010043
010044
010045
010046
010047
010048
010049
010050
010051
010058
010060
010062
010063
010064
010065
010066
010067
010070
010080
010081
010082
010083
010084
010085
010086
010087
010140
010141
010142
010143
010301
010302
010303
010304
010305
010306
010307
010308
012234
012235
012236
012237
012238
012239
012240
012241
012242
013095
013096
013098
013102
013105
013107
013159
013169
013170
013171
013172
013173
013174
013175
013176
013177
013178
013179
013180
013181
013182
013218
013219
013232
013233
013234
013235
013236
013237
013238
013239
013240
013241
013242
013243
013244
013245
013246
013247
013248
013251
013252
013401
013402
013403
013404
013407
013408
013409
013410
013411
013412
013413
013414
013415
013416
013417
013418
013419
013420
013421
013422
013427
013428
013429
013430
013435
013436
013438
013439
013443
013444
013445
013446
013447
013448
013449
013450
013451
013452
013453
013454
013455
013456
013457
013458
013459
013983
013985
013986
013987
013988
013989
013990
013991
013992
013993
014126
014162
014220
014221
014222
014223
014225
014226
014227
014228
014229
016017
016018
016102
018700
018701
018723
018724
019950
019951
019952
019953
019981
019982
020212
020213
021702
022603
023821
024411
024412
024413
024421
024705
024713
026412
027412
028003
028004
028213
028214
028215
028216
028225
028226
028227
028228
028230
028231
028232
028233
028234
028235
028236
028237
028238
028239
028240
028241
028242
028243
028244
028245
028246
028247
028248
028249
028250
028251
028252
028253
028255
028258
028259
028260
028261
028262
028263
028264
028265
028266
028267
028268
028269
028270
028271
028272
028273
028274
028277
028278
028281
028282
028287
028288
028289
028290
028412
028992
028993
090001
090002
090003
090004
090005
090006
090007
090008
090009
090010
090011
090012
090013
090014
090015
090016
090017
090018
090019
090020
090021
090022
090023
090024
090025
090039
090040
090041
090042
090043
090044
090045
090046
090047
090048
090049
090050
090051
090052
090053
090054
090055
090056
090059
096326
096327
096328
096329
096330
096331
096332
096335
096336
096337
096340
096341
096342
109196
11119
11128
11129
11130
111303
11147
11148
11149
11150
11172
11174
11177
11180
11182
11183
11186
11188
11189
11191
11194
11196
11197
11198
11199
11206
11207
11212
11214
11216
11222
11225
11232
11235
11247
11248
11273
11274
11275
11276
11277
11278
11283
11291
11295
11296
11297
11301
11305
11307
11308
11309
11318
11319
11320
11321
11322
11323
11324
11325
11326
11328
11329
11330
11332
11333
11336
11339
11341
11343
11344
11345
11346
11347
11348
11349
11360
11361
11362
11363
11364
11366
11367
11368
11370
11371
11374
11375
11376
11377
11378
11379
11391
11392
11393
11401
11501
11502
11503
11504
11512
11520
11526
11527
11528
11529
11551
11552
11553
11554
11555
11561
11562
11563
11564
11566
11567
11568
11569
11570
11571
11572
11573
11574
11575
11576
11577
11578
11579
12002
12003
12060
12511
12515
12518
12535
12537
12591
13905
13907
14903
15011
15101
15115
15142
15143
15144
15145
15146
15222
15241
15251
15301
15302
15310
15312
15314
15315
15316
15317
15319
15325
15327
15328
15336
15345
15346
15348
15360
15362
15364
15462
15464
15601
15602
15603
15604
15606
15607
15608
15610
15612
15613
15614
15615
15618
15619
15622
15623
15624
15625
15626
15627
15628
15631
15632
15633
15634
15635
15636
15637
15638
15639
15640
15642
15643
15903
15904
16002
16003
16004
16005
16006
16014
16016
16017
16018
16021
16022
16091
16103
16105
16109
16129
16137
16138
16203
16205
16206
16207
16210
16212
16213
16214
16215
16216
16217
16218
16219
16231
16232
16233
16234
16235
16237
16238
16259
16262
16263
16264
16265
16266
16298
16307
16313
16314
16317
16331
16333
16338
16412
16422
16423
16466
16467
16468
16469
16470
16471
16631
16632
16633
16634
16641
16642
16643
16655
16656
16657
16658
16677
16680
16900
16907
16908
16909
16912
16913
16914
16919
17106
17107
17108
17109
17110
171200
17124
17125
17126
17127
17128
17129
17131
17132
17133
17134
17135
17518
17526
17551
17556
17700
17703
17704
17771
17772
17775
17776
17777
17778
17779
17900
17901
17902
17903
17904
17905
17906
17907
17908
17909
17910
17911
17912
17913
17914
17915
17916
17917
17918
17919
17920
17921
18723
18724
18725
20101
20103
20104
20105
20106
20108
20109
20110
20111
20112
20115
20400
20501
20502
20503
20505
20507
20508
20509
20510
20511
20512
20513
20600
20602
20705
20706
20721
20741
20742
20743
20747
20762
20765
20782
20796
20847
21036
21037
21060
21061
21062
21063
21064
21065
21066
21067
21068
21069
21070
210700
21071
210713
21072
21073
21074
21075
21076
21077
210880
210894
210954
21212
21214
21227
21228
21252
21393
21407
21440
21492
21493
21504
21505
21506
21510
21511
21512
21513
21514
21555
21591
21595
21596
21597
21603
21635
21637
21638
21639
21640
21643
21644
21646
21649
21650
21653
21654
21655
21656
21657
21658
21662
21663
21664
21665
21698
21699
21702
21715
21717
21720
21741
21745
21778
21797
21811
21832
21854
21856
21877
21879
21880
21881
21882
21889
21890
21894
21895
21896
21899
21908
21918
21920
21922
21926
21928
21930
21935
21936
21937
21939
21946
21947
21948
21952
21953
21954
21958
21959
21963
21964
21982
21991
21992
21993
21994
21995
21996
22016
22017
220700
220788
220789
220800
220801
220804
22108
22157
22208
22240
22319
22320
22321
22420
22421
22430
22431
22522
22566
22567
22573
22575
22576
22577
22579
22580
22581
22605
22705
22708
22730
22743
22747
22748
22753
22754
22759
22777
22787
22788
22789
22798
22799
22800
22803
22804
22805
22901
22902
22903
22906
22908
22982
22990
22991
22995
22996
23002
23004
23005
23021
23022
230708
230709
23115
23504
23505
23506
23507
23508
23509
23510
23566
23567
23568
23569
23570
23571
23580
23600
23706
23708
23709
23710
23711
23712
23713
23714
23715
23716
23717
23718
23719
23730
23731
23787
23788
23790
23791
23792
23793
23794
23907
23908
23909
23910
23911
23912
23913
23917
23918
23921
23922
23926
23930
23931
23932
23937
23938
23939
23940
23941
23942
23943
23949
23971
23972
23973
23974
23975
23976
23977
23978
23982
23991
23992
23993
23994
23995
23996
23997
23998
240700
240701
240710
240713
240715
240725
240729
240730
240742
240748
240753
240790
240834
24100
24101
24104
24109
24202
24205
24207
24210
24211
24212
24220
24222
24223
24224
24306
24309
24331
24415
24510
24706
24710
24729
24730
24734
24736
24738
24748
24752
24753
24754
24758
24760
24761
24762
24763
24769
24770
24771
24772
24790
24834
24902
24908
24909
24911
24913
24914
24915
24916
24981
24982
24990
250720
250799
25300
25400
25410
25500
25503
25556
25557
25574
25575
25579
25602
25620
25624
25625
25626
25627
25705
25720
25721
25728
25729
25733
25741
25742
25743
25751
25752
25762
25765
25767
25768
25769
25770
25771
25772
25773
25774
25775
25780
25782
25787
25788
25796
25799
25847
25848
25858
25859
25860
25861
25862
25863
25864
25865
25866
25867
25880
25881
25882
25883
25885
25888
25924
25927
25928
25929
25934
25936
25937
25938
25981
25991
260700
260701
260776
260777
260800
260801
26101
26134
26600
26703
26705
26711
26712
26713
26715
26716
26717
26718
26719
26720
26721
26776
26777
26792
26799
26804
26805
26807
26809
26811
26812
26813
26814
26816
26817
26818
26819
26820
26821
26822
26823
26824
26825
26830
26831
26832
26833
26834
26835
26836
26837
26838
26839
26842
26843
26844
26899
26928
26982
27154
27620
276901
276902
27935
28723
28724
31005
31008
31009
31010
31013
31016
31030
31061
31080
31097
31102
31103
31241
31242
31243
31245
31247
31248
31250
31251
31253
31255
31256
31257
31258
31260
31261
31262
31263
31264
31265
31266
31268
31269
31271
31272
31275
31276
31277
31280
31282
31338
31482
31675
31676
31748
31777
31927
32003
32004
32009
32011
320146
32019
32020
32021
32022
32027
32040
320513
320557
320606
32113
32118
32130
32144
32146
32309
32310
32405
32501
32509
32513
32516
32520
32524
32531
32541
32543
32547
32548
32549
32555
32557
32558
32559
32560
32563
32567
32569
32570
32571
32601
32603
32606
32903
32931
32933
32986
32990
32998
33116
33130
33230
33874
33875
34776
34980
35000
35001
35002
35003
35004
35005
35006
35007
35009
35010
35112
35113
35114
35255
35364
35365
35366
35391
35393
35502
35503
35504
35505
35506
35507
36100
36101
36102
36103
36104
36105
36106
36107
36109
36110
36116
36117
36118
36119
36120
36121
36122
36123
36124
36125
36126
36127
36128
36129
36200
36300
37003
37004
37005
37006
37007
37008
37009
37010
37011
37012
37013
37014
37161
37181
37233
37234
37242
37252
37262
37335
37336
37345
37363
37373
37400
37401
37457
37464
37493
37494
37495
37500
40001
40002
40003
40004
40005
40006
41001
41004
41012
41013
41014
41017
41018
41019
41020
41021
41024
41025
41026
41028
41029
41030
41033
41034
41035
41036
41037
41038
41039
41040
41043
41045
41046
41047
41048
41049
41050
41052
41053
41054
41055
41056
41057
41058
41059
41060
41065
41066
41067
41068
41069
41070
41076
41077
41078
41079
41080
41082
41084
41085
41086
41087
41088
41089
41091
41092
41099
41108
41109
41113
41117
41118
41119
41120
41123
41124
41125
41127
41128
41129
41130
41160
41161
41162
41163
41171
41172
41173
41174
41175
41180
41181
41182
41183
41184
41185
41191
41193
41195
41200
41201
41202
41203
41205
41276
41277
41278
41301
41302
41303
41304
41305
41307
41309
41380
41381
41382
41383
41384
41385
41386
41801
41889
41890
41891
41900
41903
41905
41909
42000
42001
42003
420048
420100
420101
420102
420103
420104
420107
420108
420112
420113
42012
42013
42014
42017
42020
42023
42024
42025
42026
42027
42028
42030
42035
42036
42037
42038
42040
42043
42044
42048
42049
42050
42056
42057
42058
42059
42060
42062
42063
42064
42065
42066
42067
42068
42069
42070
42071
42072
42073
42074
42075
42079
42080
42081
42082
42085
42086
42087
42090
42091
42092
42093
42094
42095
42096
42097
42098
42127
42135
42136
42137
42138
42143
42144
42145
42146
42172
42173
42174
42177
42218
42670
42700
42701
42702
42704
42705
42721
42722
42723
42724
42820
42821
42822
42823
42824
42825
42826
42827
42828
42850
42889
42890
42891
42892
42893
42894
42895
42896
42897
42899
42900
42904
42906
42907
42908
42909
42910
42911
42912
42913
42914
42915
42916
42917
42991
43001
430030
430031
43007
43008
43010
43011
43014
43015
43017
43018
43019
43021
43022
43023
43024
43025
43026
43027
43028
43029
43030
43031
43123
43124
43801
43802
48001
48006
48023
48024
48033
48080
48100
48110
48130
48210
48221
48230
48240
48250
48260
48270
48310
48320
48321
48330
48331
48340
48349
48350
48352
48353
48360
48362
48366
48370
48371
48389
48430
48433
48434
48436
48441
48450
48451
48510
48520
48521
48530
48531
48540
48550
48560
48561
48570
48571
48572
48580
48582
48583
48610
48622
48641
48730
48821
48840
48850
48860
48881
48901
48902
49001
49002
49003
49004
49006
49016
49047
49049
49069
49082
49084
49098
49102
49106
49107
49115
49116
49117
49118
49119
49123
49125
49127
49131
49133
49134
49136
49143
49144
49150
49151
49202
49227
49254
49255
49256
49257
49258
49261
49274
49275
49309
49312
49316
49325
49329
49680
49723
49724
49725
49726
49776
49928
49986
50251
50720
50721
50722
50723
50724
50725
50816
50817
50818
50819
50820
50823
50824
50825
50826
51913
51914
51915
51984
51985
51991
51992
52640
52641
52642
52643
52644
52645
52646
52647
52650
52651
52652
52653
52654
52655
52656
52657
52660
52661
52662
52663
52664
52665
52666
52667
52670
52671
52672
52673
52674
52675
52676
52677
52680
52681
52682
52683
52684
52685
52686
52687
52690
52691
52692
52694
52695
52696
52697
52698
52699
52700
52703
52705
52708
52710
52712
52713
52714
52715
52716
52717
52718
52720
52721
52722
52723
52724
52725
52726
52727
52900
52901
54000
54001
54002
54003
54004
54081
54083
54091
54092
54094
54098
54401
54402
54403
54404
54405
54406
54407
54408
54409
54410
54411
54412
54413
54414
54418
54419
54420
55500
55501
55502
55990
55993
55994
570001
570002
570003
570005
570006
570007
570008
570009
570010
570011
570012
570100
570101
570102
57083
57085
57088
57122
57124
57134
57189
57193
57194
57195
57196
57199
57203
57208
57209
57210
57211
57213
57214
57215
57216
57217
57218
57219
57220
57222
57223
57225
57226
57227
57228
57229
57230
57231
57232
57233
57235
57236
57237
57238
57239
57303
57304
57600
57601
57602
57603
57604
57605
57606
57607
57608
57609
57610
57611
57612
57613
57614
57615
57616
57617
57618
57619
57680
57681
57682
57683
57684
57685
57686
57687
57688
57689
57690
57691
57692
57693
57694
57804
57807
57808
57810
57811
57812
57813
57814
57815
57816
57818
57888
57890
57894
58130
58131
58132
58133
58134
58135
58136
58138
58700
58701
58723
58724
59330
59333
59355
59356
59709
59711
59712
59713
59714
59718
59719
59720
59721
59722
60005
60006
60007
60101
60102
60106
60108
60109
60111
60112
60113
60114
60115
60116
60117
60119
60120
60121
60122
60123
60126
60127
60128
60702
60703
60704
60705
60706
60707
60708
60709
60710
60711
60713
60714
60715
60716
60904
60909
60910
60911
60912
60913
60986
65001
65006
65007
65008
65009
65010
65015
65016
65017
65018
65019
65020
65027
65028
65032
65033
65035
65072
65111
65202
65212
65242
65306
65307
65312
65313
65314
65315
65316
65318
65319
65321
65322
65323
65325
65326
65327
65342
65409
65411
65508
65509
65544
65545
65621
65861
65862
66063
66064
66065
66066
66067
68027
68028
68029
68030
68037
68038
68075
68101
68104
68105
68106
68107
68108
68109
68201
68206
68316
68320
68412
68413
68414
68416
68492
68493
68494
68513
68606
68723
68724
68725
68726
68746
68998
68999
69337
69360
69361
69362
69363
69364
69365
69366
69367
69368
69369
69370
69371
69372
69501
69502
69503
69508
69509
69510
69511
69512
69513
69514
69515
70102
70103
70104
70106
70107
70108
70109
70110
70114
70211
70311
70317
70327
70417
70517
70616
70617
71116
75411
75422
75423
75424
75425
75426
76002
76003
76005
76007
76008
76009
76010
76012
76013
76015
76016
76019
76022
76023
76024
76025
76027
76030
76033
76034
76037
76038
76039
76040
76041
76043
76045
76047
76048
76052
76056
76057
76063
76066
76068
76070
76074
76081
76084
76085
76086
76087
76088
76089
76090
76093
76094
76095
76097
76098
76099
76105
76106
76107
76108
76109
76111
76112
76113
76114
76115
76116
76117
76212
76516
76517
76521
76801
76802
76803
76804
76900
76902
76903
76904
77696
77697
77698
77715
77716
777251
777252
77734
77740
77745
77794
77889
77890
77891
77893
77894
77895
77898
77903
77905
77930
77938
77942
77947
77980
78008
78013
78015
78016
78026
78030
78039
78042
78105
78107
78122
78126
78129
78150
78153
78181
78184
78186
78188
78206
78210
78216
78218
78220
78222
78229
78235
78236
78238
78239
78241
78244
78245
78246
78248
78257
78258
78259
78261
78262
78263
78264
78266
78270
78271
78274
78275
78284
78285
78290
78292
78293
78295
78296
78297
78298
78299
78300
78301
78302
78303
78304
78305
78605
78606
78607
78608
78725
78726
78727
78728
78729
78730
79006
79011
79013
79014
79015
79017
79018
79032
79033
79036
79603
79606
79708
79771
79992
80031
80033
80035
80057
80066
80067
80068
80082
80083
80084
80113
80114
80116
80117
80118
80218
81000
81511
81512
81513
81514
81515
81516
81518
81521
81522
81523
81524
81525
81528
81529
81531
81532
81533
81534
81535
81536
81538
81539
81540
81544
81545
81546
81547
81548
81549
81550
81551
81560
81561
81562
81821
82025
82026
82027
82028
82120
82121
82220
82221
82320
82321
82420
82620
82710
82711
82800
83000
83119
83122
83231
83233
83341
83621
83622
83721
83722
83723
83724
83821
83822
83823
83882
83900
83921
83922
83923
84000
84002
84003
84111
84116
84117
84118
84124
84610
84611
84711
84712
84811
84812
84813
84905
84906
84907
84908
84909
84910
84911
85001
85011
85012
85015
85016
85202
85302
85502
85503
85801
85808
85810
85811
85812
85813
85814
85815
85816
85817
85840
85841
85842
85843
85844
86004
86005
86006
86007
86008
86009
86023
86025
86044
86113
86114
86133
86150
86160
86190
86221
86222
86223
86321
86322
86400
86529
86530
86533
86872
86882
87007
87008
87009
87010
87011
87012
87100
87222
87441
87443
87445
87500
87539
87549
87559
87600
87631
87632
87659
87665
87669
87731
87749
87831
87832
87849
87900
87933
88000
88002
88004
88006
88007
88011
88014
88015
88016
88021
88022
88211
88212
88304
88308
88316
88323
88404
88416
88504
88604
88617
88620
88623
88711
88801
88805
88831
88832
88834
88990
89021
89024
89027
89030
89031
89033
89034
89037
89039
89040
89041
89042
89043
89105
89106
89107
89109
89110
89113
89122
89173
89200
89971
89972
89973
89974
89975
89976
89977
89978
90001
90002
90003
90004
90005
90006
90007
90008
90010
91001
91002
91003
91004
91100
91103
91104
91107
91116
91118
91120
91121
91123
91126
91132
91137
91142
91145
91154
91155
91156
91157
91159
91161
91168
91171
91172
91173
91178
91180
91184
91185
91186
91187
91188
91189
91191
91195
91251
91252
91253
91254
91255
91256
91270
91309
91314
91320
91368
91369
91400
91401
91429
91500
91529
91530
91545
91546
91547
91561
91562
91563
91567
91569
91572
91573
91574
91575
91705
91707
91709
91774
91817
91818
91821
91822
91823
91824
91825
91826
91827
91828
91829
91830
91831
91832
91833
91834
91835
91836
91837
91838
91839
92022
92031
92033
92034
92035
92036
92041
92044
92045
92050
92052
92054
92055
92056
92265
92266
92268
92269
92291
92292
92295
92297
92298
92350
92351
92352
92353
92354
92355
92356
92357
92358
92359
92360
92361
92362
92363
92364
92365
92366
92367
92368
92369
92370
92371
92372
92373
92375
92376
92377
92378
92379
92380
92381
92382
92383
92384
92385
92386
92388
92389
92390
92391
92392
92430
92431
92432
92434
92435
92438
92439
92440
92442
92443
92444
92445
92446
92447
92448
92449
92450
92451
92452
92453
92454
92455
92456
92457
92460
92461
92462
92463
92464
92465
92466
92470
92471
92472
92473
92474
92475
92476
92477
92478
92479
92480
92481
92482
92483
92484
92486
92487
92489
92490
92491
92492
92494
92507
92511
92512
92515
92521
92523
92524
92526
92530
92533
92536
92542
92543
92544
92547
92550
92551
92553
92554
92555
92562
92563
92564
92565
92566
92567
92568
92569
92570
92571
92572
92573
92574
92575
92576
92577
92578
92579
92590
92591
92603
92606
92607
92608
92609
92612
92613
92614
92615
92616
92617
92618
92620
92638
92663
92664
92665
92666
92667
92668
92669
92670
92671
92672
92673
92674
92675
92676
92677
92678
92679
92680
92681
92682
92683
92684
92685
92686
92687
92688
92689
92713
92721
92790
92845
92847
92848
92869
92887
92917
92918
92919
92932
92934
92975
92976
92977
92983
92984
93000
93001
93002
93005
93006
93007
93200
93201
93202
93203
93204
93205
93206
93207
93208
93209
93210
93211
93212
93213
93214
93216
93217
93218
93219
93220
93222
93223
93224
93225
93226
93227
93228
93229
93230
93231
93232
93233
93470
94657
94658
94662
94663
94665
94680
94681
94686
94687
94688
94689
94690
94691
94692
94693
94694
94695
94696
94697
94698
94699
94700
94701
94702
94703
94704
94705
94706
94707
94708
94709
94710
94711
94712
94713
94714
94715
94720
94721
94722
94726
94727
94728
94729
94730
94750
94751
94752
94753
94754
94755
94756
94758
94759
94760
94761
94762
94770
94771
94772
94773
94911
94912
94913
94914
94921
94922
94923
94924
94931
94932
94933
94934
95000
95001
95002
95003
95004
95005
95006
95007
95008
95009
95010
95011
95012
95013
95014
95015
95016
95017
95563
95566
95569
95582
95583
95589
95590
95591
95592
95593
95594
95595
95596
95597
95598
95599
95600
95601
95723
95724
95725
95726
95727
95728
95729
95730
95731
95733
95734
95735
95736
95737
95738
95739
95740
95741
95742
95743
95744
95745
95746
95748
95749
95750
95751
95752
95754
95755
96001
96002
96003
96004
96005
96006
96007
96008
96009
96010
96011
96012
96013
96014
96015
96017
96020
96021
96023
96024
96025
96026
96027
96028
96029
96030
96031
96032
96033
96034
96035
96036
96037
96038
96039
96040
96043
96044
96045
96046
96047
96048
96049
96050
96051
96052
96053
96054
96056
96057
96059
96060
96061
96062
96063
96064
96065
96066
96067
96068
96069
96072
96073
96074
96075
96076
96077
96078
96079
96080
96081
96082
96083
96084
96085
96086
96087
96088
96089
96090
96091
96092
96093
96094
96095
96096
96097
96099
96100
96101
96102
96103
96104
96105
96106
96107
96108
96109
96110
96111
96112
96113
96114
96115
96116
96117
96118
96119
96120
96121
96122
96123
96124
96125
96126
96128
96129
96130
96132
96133
96134
96135
96200
96201
96202
96301
96302
96303
96304
96305
96306
96307
96308
96309
96310
96311
96346
96621
96622
96623
96624
96630
96631
96632
96633
96634
96635
96636
96637
96638
96639
96640
96641
96642
96643
96644
96645
96646
96647
96648
96649
96700
96703
96704
96705
96706
96707
96708
96709
96710
96723
96724
96726
96727
96728
96729
96730
96731
96732
96733
96734
96735
96736
96737
96801
96802
96803
96804
96805
96806
96808
96810
96811
96812
96813
96814
96815
96816
96817
96819
96820
96821
96822
96823
96824
96825
96826
96827
96828
96829
96831
96832
96833
96834
96835
96836
96837
96838
96839
96840
96841
96842
96843
96844
96845
96846
96847
96848
96849
96850
96851
96852
96853
96854
96855
96856
96857
96858
97101
97102
97103
97104
97105
97106
97109
971102
971103
971104
971105
971106
97111
971112
971113
971114
971116
97112
97113
97114
97115
97116
97201
97202
97203
97204
97205
97206
97207
97208
97209
97210
97401
97402
97403
97404
97405
97406
97407
97408
97409
97410
97501
97502
97503
97504
97505
97506
97507
97508
97509
97510
97601
97602
97603
97604
97605
97606
97607
97608
976111
976211
976411
976421
976431
976451
977000
977110
977123
977210
977410
977420
977430
977450
977460
977520
977530
977542
977543
977620
977910
977911
977912
977913
977914
977915
977917
977918
97801
97802
97803
97804
97805
97806
97807
97808
97809
97810
978110
978123
978210
978410
978420
978430
978450
978460
978520
978530
978542
978543
978620
978910
978911
97900
97901
97902
97903
979105
979110
979113
979114
979501
979502
979503
979504
979505
979506
979507
979508
98000
98001
98002
98003
98004
98005
98006
98725
98726
98727
98728
99021
99022
99023
99024
99025
99026
99027
99028
99029
99031
99200
99204
99205
99206
99209
99211
99212
99218
99220
99221
992219
99222
992220
992221
992222
992223
992224
992225
992226
992227
992228
992229
99223
992230
99850
99851
99852
99853
99854
99859
99860
99861
99863
99864
99865
99866
99870
99871
99872
99873
99874
99875
99876
99877
99881
99882
99883
99884
999781
